   1.0000000e+00   8.9550000e-01
   2.0000000e+00   8.9545000e-01
   3.0000000e+00   8.9496667e-01
   4.0000000e+00   8.9547500e-01
   5.0000000e+00   8.9546000e-01
   6.0000000e+00   8.9571667e-01
   7.0000000e+00   8.9565714e-01
   8.0000000e+00   8.9582500e-01
   9.0000000e+00   8.9587778e-01
   1.0000000e+01   8.9589000e-01
   1.1000000e+01   8.9587273e-01
   1.2000000e+01   8.9592500e-01
   1.3000000e+01   8.9590000e-01
   1.4000000e+01   8.9587857e-01
   1.5000000e+01   8.9591333e-01
   1.6000000e+01   8.9599375e-01
   1.7000000e+01   8.9593529e-01
   1.8000000e+01   8.9596111e-01
   1.9000000e+01   8.9595263e-01
   2.0000000e+01   8.9601500e-01
   2.1000000e+01   8.9604286e-01
   2.2000000e+01   8.9605000e-01
   2.3000000e+01   8.9603043e-01
   2.4000000e+01   8.9606667e-01
   2.5000000e+01   8.9608400e-01
   2.6000000e+01   8.9605000e-01
   2.7000000e+01   8.9609259e-01
   2.8000000e+01   8.9610000e-01
   2.9000000e+01   8.9609655e-01
   3.0000000e+01   8.9611667e-01
   3.1000000e+01   8.9609677e-01
   3.2000000e+01   8.9607187e-01
   3.3000000e+01   8.9609394e-01
   3.4000000e+01   8.9610882e-01
   3.5000000e+01   8.9606286e-01
   3.6000000e+01   8.9612778e-01
   3.7000000e+01   8.9614595e-01
   3.8000000e+01   8.9614211e-01
   3.9000000e+01   8.9613333e-01
   4.0000000e+01   8.9613250e-01
   4.1000000e+01   8.9611951e-01
   4.2000000e+01   8.9613571e-01
   4.3000000e+01   8.9611628e-01
   4.4000000e+01   8.9610909e-01
   4.5000000e+01   8.9609111e-01
   4.6000000e+01   8.9608478e-01
   4.7000000e+01   8.9609149e-01
   4.8000000e+01   8.9608333e-01
   4.9000000e+01   8.9610816e-01
   5.0000000e+01   8.9612200e-01
   5.1000000e+01   8.9610196e-01
   5.2000000e+01   8.9610385e-01
   5.3000000e+01   8.9610000e-01
   5.4000000e+01   8.9609444e-01
   5.5000000e+01   8.9610909e-01
   5.6000000e+01   8.9609107e-01
   5.7000000e+01   8.9609298e-01
   5.8000000e+01   8.9613103e-01
   5.9000000e+01   8.9612881e-01
   6.0000000e+01   8.9611667e-01
   6.1000000e+01   8.9612787e-01
   6.2000000e+01   8.9611613e-01
   6.3000000e+01   8.9611587e-01
   6.4000000e+01   8.9613125e-01
   6.5000000e+01   8.9612769e-01
   6.6000000e+01   8.9612121e-01
   6.7000000e+01   8.9612090e-01
   6.8000000e+01   8.9611176e-01
   6.9000000e+01   8.9611014e-01
   7.0000000e+01   8.9609857e-01
   7.1000000e+01   8.9610423e-01
   7.2000000e+01   8.9609583e-01
   7.3000000e+01   8.9608904e-01
   7.4000000e+01   8.9610541e-01
   7.5000000e+01   8.9612000e-01
   7.6000000e+01   8.9610658e-01
   7.7000000e+01   8.9613117e-01
   7.8000000e+01   8.9613718e-01
   7.9000000e+01   8.9613165e-01
   8.0000000e+01   8.9612500e-01
   8.1000000e+01   8.9613580e-01
   8.2000000e+01   8.9612195e-01
   8.3000000e+01   8.9613253e-01
   8.4000000e+01   8.9613929e-01
   8.5000000e+01   8.9612824e-01
   8.6000000e+01   8.9612326e-01
   8.7000000e+01   8.9612989e-01
   8.8000000e+01   8.9612614e-01
   8.9000000e+01   8.9611236e-01
   9.0000000e+01   8.9610667e-01
   9.1000000e+01   8.9609890e-01
   9.2000000e+01   8.9609565e-01
   9.3000000e+01   8.9609892e-01
   9.4000000e+01   8.9611170e-01
   9.5000000e+01   8.9611789e-01
   9.6000000e+01   8.9612292e-01
   9.7000000e+01   8.9612268e-01
   9.8000000e+01   8.9611531e-01
   9.9000000e+01   8.9611919e-01
   1.0000000e+02   8.9610700e-01
   1.0100000e+02   8.9610792e-01
   1.0200000e+02   8.9610392e-01
   1.0300000e+02   8.9609709e-01
   1.0400000e+02   8.9607885e-01
   1.0500000e+02   8.9607048e-01
   1.0600000e+02   8.9605377e-01
   1.0700000e+02   8.9605981e-01
   1.0800000e+02   8.9606667e-01
   1.0900000e+02   8.9607431e-01
   1.1000000e+02   8.9606455e-01
   1.1100000e+02   8.9605405e-01
   1.1200000e+02   8.9604821e-01
   1.1300000e+02   8.9605310e-01
   1.1400000e+02   8.9603947e-01
   1.1500000e+02   8.9603826e-01
   1.1600000e+02   8.9603017e-01
   1.1700000e+02   8.9603846e-01
   1.1800000e+02   8.9603475e-01
   1.1900000e+02   8.9603193e-01
   1.2000000e+02   8.9603000e-01
   1.2100000e+02   8.9603223e-01
   1.2200000e+02   8.9603361e-01
   1.2300000e+02   8.9602846e-01
   1.2400000e+02   8.9601774e-01
   1.2500000e+02   8.9601520e-01
   1.2600000e+02   8.9601429e-01
   1.2700000e+02   8.9601732e-01
   1.2800000e+02   8.9601406e-01
   1.2900000e+02   8.9601395e-01
   1.3000000e+02   8.9601308e-01
   1.3100000e+02   8.9600840e-01
   1.3200000e+02   8.9600379e-01
   1.3300000e+02   8.9600451e-01
   1.3400000e+02   8.9601418e-01
   1.3500000e+02   8.9600519e-01
   1.3600000e+02   8.9601324e-01
   1.3700000e+02   8.9601460e-01
   1.3800000e+02   8.9601739e-01
   1.3900000e+02   8.9601511e-01
   1.4000000e+02   8.9601071e-01
   1.4100000e+02   8.9599716e-01
   1.4200000e+02   8.9599859e-01
   1.4300000e+02   8.9600140e-01
   1.4400000e+02   8.9601111e-01
   1.4500000e+02   8.9601724e-01
   1.4600000e+02   8.9602123e-01
   1.4700000e+02   8.9602449e-01
   1.4800000e+02   8.9602027e-01
   1.4900000e+02   8.9601946e-01
   1.5000000e+02   8.9602000e-01
   1.5100000e+02   8.9602583e-01
   1.5200000e+02   8.9602632e-01
   1.5300000e+02   8.9603007e-01
   1.5400000e+02   8.9602662e-01
   1.5500000e+02   8.9601806e-01
   1.5600000e+02   8.9601667e-01
   1.5700000e+02   8.9600191e-01
   1.5800000e+02   8.9600380e-01
   1.5900000e+02   8.9600252e-01
   1.6000000e+02   8.9600375e-01
   1.6100000e+02   8.9600870e-01
   1.6200000e+02   8.9600247e-01
   1.6300000e+02   8.9600552e-01
   1.6400000e+02   8.9600183e-01
   1.6500000e+02   8.9600242e-01
   1.6600000e+02   8.9600422e-01
   1.6700000e+02   8.9599701e-01
   1.6800000e+02   8.9598690e-01
   1.6900000e+02   8.9598462e-01
   1.7000000e+02   8.9599000e-01
   1.7100000e+02   8.9599357e-01
   1.7200000e+02   8.9598837e-01
   1.7300000e+02   8.9597861e-01
   1.7400000e+02   8.9598276e-01
   1.7500000e+02   8.9597714e-01
   1.7600000e+02   8.9597955e-01
   1.7700000e+02   8.9598418e-01
   1.7800000e+02   8.9598708e-01
   1.7900000e+02   8.9598827e-01
   1.8000000e+02   8.9599000e-01
   1.8100000e+02   8.9599061e-01
   1.8200000e+02   8.9598626e-01
   1.8300000e+02   8.9598689e-01
   1.8400000e+02   8.9598587e-01
   1.8500000e+02   8.9598108e-01
   1.8600000e+02   8.9598280e-01
   1.8700000e+02   8.9597647e-01
   1.8800000e+02   8.9598032e-01
   1.8900000e+02   8.9597249e-01
   1.9000000e+02   8.9596947e-01
   1.9100000e+02   8.9597120e-01
   1.9200000e+02   8.9596354e-01
   1.9300000e+02   8.9596269e-01
   1.9400000e+02   8.9597165e-01
   1.9500000e+02   8.9596923e-01
   1.9600000e+02   8.9597449e-01
   1.9700000e+02   8.9596904e-01
   1.9800000e+02   8.9597273e-01
   1.9900000e+02   8.9597739e-01
   2.0000000e+02   8.9597850e-01
   2.0100000e+02   8.9597662e-01
   2.0200000e+02   8.9597822e-01
   2.0300000e+02   8.9597488e-01
   2.0400000e+02   8.9597255e-01
   2.0500000e+02   8.9596976e-01
   2.0600000e+02   8.9597427e-01
   2.0700000e+02   8.9597440e-01
   2.0800000e+02   8.9596875e-01
   2.0900000e+02   8.9597033e-01
   2.1000000e+02   8.9596667e-01
   2.1100000e+02   8.9596730e-01
   2.1200000e+02   8.9596934e-01
   2.1300000e+02   8.9596197e-01
   2.1400000e+02   8.9595981e-01
   2.1500000e+02   8.9595163e-01
   2.1600000e+02   8.9594306e-01
   2.1700000e+02   8.9594009e-01
   2.1800000e+02   8.9594495e-01
   2.1900000e+02   8.9595068e-01
   2.2000000e+02   8.9594818e-01
   2.2100000e+02   8.9595113e-01
   2.2200000e+02   8.9595270e-01
   2.2300000e+02   8.9595112e-01
   2.2400000e+02   8.9595491e-01
   2.2500000e+02   8.9596356e-01
   2.2600000e+02   8.9596062e-01
   2.2700000e+02   8.9595947e-01
   2.2800000e+02   8.9595482e-01
   2.2900000e+02   8.9594934e-01
   2.3000000e+02   8.9594783e-01
   2.3100000e+02   8.9594156e-01
   2.3200000e+02   8.9593966e-01
   2.3300000e+02   8.9593777e-01
   2.3400000e+02   8.9593889e-01
   2.3500000e+02   8.9593787e-01
   2.3600000e+02   8.9593475e-01
   2.3700000e+02   8.9593586e-01
   2.3800000e+02   8.9594034e-01
   2.3900000e+02   8.9594142e-01
   2.4000000e+02   8.9593833e-01
   2.4100000e+02   8.9593734e-01
   2.4200000e+02   8.9593760e-01
   2.4300000e+02   8.9593827e-01
   2.4400000e+02   8.9593975e-01
   2.4500000e+02   8.9593551e-01
   2.4600000e+02   8.9593740e-01
   2.4700000e+02   8.9593968e-01
   2.4800000e+02   8.9593911e-01
   2.4900000e+02   8.9594016e-01
   2.5000000e+02   8.9595000e-01
   2.5100000e+02   8.9594940e-01
   2.5200000e+02   8.9595198e-01
   2.5300000e+02   8.9595257e-01
   2.5400000e+02   8.9595315e-01
   2.5500000e+02   8.9596000e-01
   2.5600000e+02   8.9596094e-01
   2.5700000e+02   8.9596109e-01
   2.5800000e+02   8.9596395e-01
   2.5900000e+02   8.9596641e-01
   2.6000000e+02   8.9596654e-01
   2.6100000e+02   8.9596513e-01
   2.6200000e+02   8.9596527e-01
   2.6300000e+02   8.9596578e-01
   2.6400000e+02   8.9597083e-01
   2.6500000e+02   8.9596717e-01
   2.6600000e+02   8.9596541e-01
   2.6700000e+02   8.9596030e-01
   2.6800000e+02   8.9595672e-01
   2.6900000e+02   8.9595576e-01
   2.7000000e+02   8.9595111e-01
   2.7100000e+02   8.9594945e-01
   2.7200000e+02   8.9594890e-01
   2.7300000e+02   8.9595421e-01
   2.7400000e+02   8.9595693e-01
   2.7500000e+02   8.9595709e-01
   2.7600000e+02   8.9595616e-01
   2.7700000e+02   8.9595487e-01
   2.7800000e+02   8.9595252e-01
   2.7900000e+02   8.9595054e-01
   2.8000000e+02   8.9595071e-01
   2.8100000e+02   8.9594947e-01
   2.8200000e+02   8.9595319e-01
   2.8300000e+02   8.9594912e-01
   2.8400000e+02   8.9595106e-01
   2.8500000e+02   8.9595298e-01
   2.8600000e+02   8.9595699e-01
   2.8700000e+02   8.9595854e-01
   2.8800000e+02   8.9596042e-01
   2.8900000e+02   8.9596471e-01
   2.9000000e+02   8.9596483e-01
   2.9100000e+02   8.9596770e-01
   2.9200000e+02   8.9597089e-01
   2.9300000e+02   8.9597304e-01
   2.9400000e+02   8.9597517e-01
   2.9500000e+02   8.9597288e-01
   2.9600000e+02   8.9597297e-01
   2.9700000e+02   8.9597508e-01
   2.9800000e+02   8.9597416e-01
   2.9900000e+02   8.9597559e-01
   3.0000000e+02   8.9597467e-01
   3.0100000e+02   8.9597209e-01
   3.0200000e+02   8.9597715e-01
   3.0300000e+02   8.9597360e-01
   3.0400000e+02   8.9597204e-01
   3.0500000e+02   8.9596689e-01
   3.0600000e+02   8.9596634e-01
   3.0700000e+02   8.9597101e-01
   3.0800000e+02   8.9597370e-01
   3.0900000e+02   8.9597540e-01
   3.1000000e+02   8.9597935e-01
   3.1100000e+02   8.9598006e-01
   3.1200000e+02   8.9598301e-01
   3.1300000e+02   8.9598466e-01
   3.1400000e+02   8.9598631e-01
   3.1500000e+02   8.9598667e-01
   3.1600000e+02   8.9598861e-01
   3.1700000e+02   8.9599369e-01
   3.1800000e+02   8.9599654e-01
   3.1900000e+02   8.9599467e-01
   3.2000000e+02   8.9599406e-01
   3.2100000e+02   8.9599408e-01
   3.2200000e+02   8.9599534e-01
   3.2300000e+02   8.9599659e-01
   3.2400000e+02   8.9599691e-01
   3.2500000e+02   8.9600062e-01
   3.2600000e+02   8.9600184e-01
   3.2700000e+02   8.9600489e-01
   3.2800000e+02   8.9600427e-01
   3.2900000e+02   8.9600486e-01
   3.3000000e+02   8.9600364e-01
   3.3100000e+02   8.9600242e-01
   3.3200000e+02   8.9600271e-01
   3.3300000e+02   8.9600601e-01
   3.3400000e+02   8.9600749e-01
   3.3500000e+02   8.9600836e-01
   3.3600000e+02   8.9600685e-01
   3.3700000e+02   8.9600415e-01
   3.3800000e+02   8.9600325e-01
   3.3900000e+02   8.9600324e-01
   3.4000000e+02   8.9600382e-01
   3.4100000e+02   8.9600117e-01
   3.4200000e+02   8.9600234e-01
   3.4300000e+02   8.9600087e-01
   3.4400000e+02   8.9600407e-01
   3.4500000e+02   8.9600522e-01
   3.4600000e+02   8.9600405e-01
   3.4700000e+02   8.9600692e-01
   3.4800000e+02   8.9600690e-01
   3.4900000e+02   8.9600716e-01
   3.5000000e+02   8.9600629e-01
   3.5100000e+02   8.9600342e-01
   3.5200000e+02   8.9600313e-01
   3.5300000e+02   8.9600170e-01
   3.5400000e+02   8.9600367e-01
   3.5500000e+02   8.9600451e-01
   3.5600000e+02   8.9599972e-01
   3.5700000e+02   8.9599916e-01
   3.5800000e+02   8.9600000e-01
   3.5900000e+02   8.9600056e-01
   3.6000000e+02   8.9600222e-01
   3.6100000e+02   8.9600859e-01
   3.6200000e+02   8.9601243e-01
   3.6300000e+02   8.9601846e-01
   3.6400000e+02   8.9601951e-01
   3.6500000e+02   8.9601945e-01
   3.6600000e+02   8.9602049e-01
   3.6700000e+02   8.9602044e-01
   3.6800000e+02   8.9602092e-01
   3.6900000e+02   8.9602005e-01
   3.7000000e+02   8.9601811e-01
   3.7100000e+02   8.9601914e-01
   3.7200000e+02   8.9601909e-01
   3.7300000e+02   8.9601743e-01
   3.7400000e+02   8.9601765e-01
   3.7500000e+02   8.9601707e-01
   3.7600000e+02   8.9601835e-01
   3.7700000e+02   8.9602069e-01
   3.7800000e+02   8.9602143e-01
   3.7900000e+02   8.9602032e-01
   3.8000000e+02   8.9601711e-01
   3.8100000e+02   8.9601207e-01
   3.8200000e+02   8.9601440e-01
   3.8300000e+02   8.9601593e-01
   3.8400000e+02   8.9601589e-01
   3.8500000e+02   8.9601714e-01
   3.8600000e+02   8.9601788e-01
   3.8700000e+02   8.9601576e-01
   3.8800000e+02   8.9601314e-01
   3.8900000e+02   8.9601028e-01
   3.9000000e+02   8.9600795e-01
   3.9100000e+02   8.9600870e-01
   3.9200000e+02   8.9600918e-01
   3.9300000e+02   8.9601018e-01
   3.9400000e+02   8.9600736e-01
   3.9500000e+02   8.9600861e-01
   3.9600000e+02   8.9601010e-01
   3.9700000e+02   8.9601108e-01
   3.9800000e+02   8.9601357e-01
   3.9900000e+02   8.9601303e-01
   4.0000000e+02   8.9601350e-01
   4.0100000e+02   8.9601047e-01
   4.0200000e+02   8.9600721e-01
   4.0300000e+02   8.9600645e-01
   4.0400000e+02   8.9600767e-01
   4.0500000e+02   8.9600914e-01
   4.0600000e+02   8.9600739e-01
   4.0700000e+02   8.9600393e-01
   4.0800000e+02   8.9600515e-01
   4.0900000e+02   8.9600293e-01
   4.1000000e+02   8.9600171e-01
   4.1100000e+02   8.9600243e-01
   4.1200000e+02   8.9600461e-01
   4.1300000e+02   8.9600218e-01
   4.1400000e+02   8.9600411e-01
   4.1500000e+02   8.9600458e-01
   4.1600000e+02   8.9600168e-01
   4.1700000e+02   8.9600216e-01
   4.1800000e+02   8.9600263e-01
   4.1900000e+02   8.9600430e-01
   4.2000000e+02   8.9600286e-01
   4.2100000e+02   8.9600333e-01
   4.2200000e+02   8.9600403e-01
   4.2300000e+02   8.9600355e-01
   4.2400000e+02   8.9600401e-01
   4.2500000e+02   8.9600753e-01
   4.2600000e+02   8.9600681e-01
   4.2700000e+02   8.9600515e-01
   4.2800000e+02   8.9600771e-01
   4.2900000e+02   8.9600629e-01
   4.3000000e+02   8.9600698e-01
   4.3100000e+02   8.9601044e-01
   4.3200000e+02   8.9600995e-01
   4.3300000e+02   8.9600924e-01
   4.3400000e+02   8.9601106e-01
   4.3500000e+02   8.9601241e-01
   4.3600000e+02   8.9601422e-01
   4.3700000e+02   8.9601281e-01
   4.3800000e+02   8.9601461e-01
   4.3900000e+02   8.9601412e-01
   4.4000000e+02   8.9601318e-01
   4.4100000e+02   8.9601451e-01
   4.4200000e+02   8.9601561e-01
   4.4300000e+02   8.9601490e-01
   4.4400000e+02   8.9601554e-01
   4.4500000e+02   8.9601461e-01
   4.4600000e+02   8.9601435e-01
   4.4700000e+02   8.9601588e-01
   4.4800000e+02   8.9601607e-01
   4.4900000e+02   8.9601581e-01
   4.5000000e+02   8.9601622e-01
   4.5100000e+02   8.9601596e-01
   4.5200000e+02   8.9601527e-01
   4.5300000e+02   8.9601435e-01
   4.5400000e+02   8.9601762e-01
   4.5500000e+02   8.9601714e-01
   4.5600000e+02   8.9602018e-01
   4.5700000e+02   8.9602079e-01
   4.5800000e+02   8.9602336e-01
   4.5900000e+02   8.9602070e-01
   4.6000000e+02   8.9602239e-01
   4.6100000e+02   8.9602213e-01
   4.6200000e+02   8.9602381e-01
   4.6300000e+02   8.9602117e-01
   4.6400000e+02   8.9601940e-01
   4.6500000e+02   8.9602172e-01
   4.6600000e+02   8.9602253e-01
   4.6700000e+02   8.9602355e-01
   4.6800000e+02   8.9602415e-01
   4.6900000e+02   8.9602623e-01
   4.7000000e+02   8.9602574e-01
   4.7100000e+02   8.9602739e-01
   4.7200000e+02   8.9602818e-01
   4.7300000e+02   8.9602875e-01
   4.7400000e+02   8.9602637e-01
   4.7500000e+02   8.9602947e-01
   4.7600000e+02   8.9603004e-01
   4.7700000e+02   8.9602935e-01
   4.7800000e+02   8.9602845e-01
   4.7900000e+02   8.9602818e-01
   4.8000000e+02   8.9602771e-01
   4.8100000e+02   8.9602495e-01
   4.8200000e+02   8.9602531e-01
   4.8300000e+02   8.9602733e-01
   4.8400000e+02   8.9602851e-01
   4.8500000e+02   8.9602928e-01
   4.8600000e+02   8.9603066e-01
   4.8700000e+02   8.9602936e-01
   4.8800000e+02   8.9603115e-01
   4.8900000e+02   8.9603313e-01
   4.9000000e+02   8.9603408e-01
   4.9100000e+02   8.9603279e-01
   4.9200000e+02   8.9603171e-01
   4.9300000e+02   8.9603144e-01
   4.9400000e+02   8.9603441e-01
   4.9500000e+02   8.9603636e-01
   4.9600000e+02   8.9603810e-01
   4.9700000e+02   8.9603722e-01
   4.9800000e+02   8.9603695e-01
   4.9900000e+02   8.9603587e-01
   5.0000000e+02   8.9603560e-01
   5.0100000e+02   8.9603593e-01
   5.0200000e+02   8.9603546e-01
   5.0300000e+02   8.9603698e-01
   5.0400000e+02   8.9603889e-01
   5.0500000e+02   8.9603644e-01
   5.0600000e+02   8.9603577e-01
   5.0700000e+02   8.9603688e-01
   5.0800000e+02   8.9603622e-01
   5.0900000e+02   8.9603536e-01
   5.1000000e+02   8.9603431e-01
   5.1100000e+02   8.9603366e-01
   5.1200000e+02   8.9603281e-01
   5.1300000e+02   8.9603275e-01
   5.1400000e+02   8.9603502e-01
   5.1500000e+02   8.9603398e-01
   5.1600000e+02   8.9603605e-01
   5.1700000e+02   8.9603791e-01
   5.1800000e+02   8.9604093e-01
   5.1900000e+02   8.9604085e-01
   5.2000000e+02   8.9604058e-01
   5.2100000e+02   8.9604242e-01
   5.2200000e+02   8.9604138e-01
   5.2300000e+02   8.9604207e-01
   5.2400000e+02   8.9604370e-01
   5.2500000e+02   8.9604267e-01
   5.2600000e+02   8.9604278e-01
   5.2700000e+02   8.9604573e-01
   5.2800000e+02   8.9604470e-01
   5.2900000e+02   8.9604575e-01
   5.3000000e+02   8.9604679e-01
   5.3100000e+02   8.9604821e-01
   5.3200000e+02   8.9604605e-01
   5.3300000e+02   8.9604390e-01
   5.3400000e+02   8.9604157e-01
   5.3500000e+02   8.9603981e-01
   5.3600000e+02   8.9604049e-01
   5.3700000e+02   8.9604264e-01
   5.3800000e+02   8.9604387e-01
   5.3900000e+02   8.9604397e-01
   5.4000000e+02   8.9604352e-01
   5.4100000e+02   8.9604344e-01
   5.4200000e+02   8.9604428e-01
   5.4300000e+02   8.9604825e-01
   5.4400000e+02   8.9605129e-01
   5.4500000e+02   8.9605138e-01
   5.4600000e+02   8.9605330e-01
   5.4700000e+02   8.9605448e-01
   5.4800000e+02   8.9605474e-01
   5.4900000e+02   8.9605719e-01
   5.5000000e+02   8.9605855e-01
   5.5100000e+02   8.9606025e-01
   5.5200000e+02   8.9606033e-01
   5.5300000e+02   8.9605877e-01
   5.5400000e+02   8.9606137e-01
   5.5500000e+02   8.9606072e-01
   5.5600000e+02   8.9605899e-01
   5.5700000e+02   8.9606176e-01
   5.5800000e+02   8.9606093e-01
   5.5900000e+02   8.9606243e-01
   5.6000000e+02   8.9606107e-01
   5.6100000e+02   8.9605936e-01
   5.6200000e+02   8.9605854e-01
   5.6300000e+02   8.9605844e-01
   5.6400000e+02   8.9605922e-01
   5.6500000e+02   8.9605788e-01
   5.6600000e+02   8.9605989e-01
   5.6700000e+02   8.9606049e-01
   5.6800000e+02   8.9606074e-01
   5.6900000e+02   8.9606028e-01
   5.7000000e+02   8.9606123e-01
   5.7100000e+02   8.9606112e-01
   5.7200000e+02   8.9606171e-01
   5.7300000e+02   8.9606230e-01
   5.7400000e+02   8.9606324e-01
   5.7500000e+02   8.9606174e-01
   5.7600000e+02   8.9606215e-01
   5.7700000e+02   8.9606066e-01
   5.7800000e+02   8.9606211e-01
   5.7900000e+02   8.9606200e-01
   5.8000000e+02   8.9606103e-01
   5.8100000e+02   8.9605972e-01
   5.8200000e+02   8.9605945e-01
   5.8300000e+02   8.9605883e-01
   5.8400000e+02   8.9605873e-01
   5.8500000e+02   8.9605846e-01
   5.8600000e+02   8.9605956e-01
   5.8700000e+02   8.9606235e-01
   5.8800000e+02   8.9606088e-01
   5.8900000e+02   8.9606129e-01
   5.9000000e+02   8.9606051e-01
   5.9100000e+02   8.9606142e-01
   5.9200000e+02   8.9606132e-01
   5.9300000e+02   8.9606239e-01
   5.9400000e+02   8.9606212e-01
   5.9500000e+02   8.9606118e-01
   5.9600000e+02   8.9606258e-01
   5.9700000e+02   8.9606198e-01
   5.9800000e+02   8.9606087e-01
   5.9900000e+02   8.9605993e-01
   6.0000000e+02   8.9606150e-01
   6.0100000e+02   8.9606240e-01
   6.0200000e+02   8.9606080e-01
   6.0300000e+02   8.9605920e-01
   6.0400000e+02   8.9606026e-01
   6.0500000e+02   8.9606000e-01
   6.0600000e+02   8.9606023e-01
   6.0700000e+02   8.9606063e-01
   6.0800000e+02   8.9606069e-01
   6.0900000e+02   8.9606223e-01
   6.1000000e+02   8.9606344e-01
   6.1100000e+02   8.9606236e-01
   6.1200000e+02   8.9606389e-01
   6.1300000e+02   8.9606362e-01
   6.1400000e+02   8.9606531e-01
   6.1500000e+02   8.9606472e-01
   6.1600000e+02   8.9606607e-01
   6.1700000e+02   8.9606645e-01
   6.1800000e+02   8.9606375e-01
   6.1900000e+02   8.9606333e-01
   6.2000000e+02   8.9606323e-01
   6.2100000e+02   8.9606264e-01
   6.2200000e+02   8.9606109e-01
   6.2300000e+02   8.9605859e-01
   6.2400000e+02   8.9605962e-01
   6.2500000e+02   8.9605952e-01
   6.2600000e+02   8.9606086e-01
   6.2700000e+02   8.9606013e-01
   6.2800000e+02   8.9606115e-01
   6.2900000e+02   8.9606105e-01
   6.3000000e+02   8.9606063e-01
   6.3100000e+02   8.9606276e-01
   6.3200000e+02   8.9606218e-01
   6.3300000e+02   8.9606272e-01
   6.3400000e+02   8.9606262e-01
   6.3500000e+02   8.9606409e-01
   6.3600000e+02   8.9606447e-01
   6.3700000e+02   8.9606499e-01
   6.3800000e+02   8.9606489e-01
   6.3900000e+02   8.9606588e-01
   6.4000000e+02   8.9606781e-01
   6.4100000e+02   8.9606817e-01
   6.4200000e+02   8.9606807e-01
   6.4300000e+02   8.9606905e-01
   6.4400000e+02   8.9606988e-01
   6.4500000e+02   8.9606868e-01
   6.4600000e+02   8.9606997e-01
   6.4700000e+02   8.9607048e-01
   6.4800000e+02   8.9606883e-01
   6.4900000e+02   8.9606872e-01
   6.5000000e+02   8.9606815e-01
   6.5100000e+02   8.9606713e-01
   6.5200000e+02   8.9606794e-01
   6.5300000e+02   8.9606876e-01
   6.5400000e+02   8.9606957e-01
   6.5500000e+02   8.9607023e-01
   6.5600000e+02   8.9606799e-01
   6.5700000e+02   8.9606804e-01
   6.5800000e+02   8.9606824e-01
   6.5900000e+02   8.9606737e-01
   6.6000000e+02   8.9606712e-01
   6.6100000e+02   8.9606929e-01
   6.6200000e+02   8.9606858e-01
   6.6300000e+02   8.9606606e-01
   6.6400000e+02   8.9606611e-01
   6.6500000e+02   8.9606571e-01
   6.6600000e+02   8.9606562e-01
   6.6700000e+02   8.9606687e-01
   6.6800000e+02   8.9606886e-01
   6.6900000e+02   8.9606786e-01
   6.7000000e+02   8.9606731e-01
   6.7100000e+02   8.9607079e-01
   6.7200000e+02   8.9607009e-01
   6.7300000e+02   8.9607088e-01
   6.7400000e+02   8.9607196e-01
   6.7500000e+02   8.9607141e-01
   6.7600000e+02   8.9606938e-01
   6.7700000e+02   8.9606972e-01
   6.7800000e+02   8.9606829e-01
   6.7900000e+02   8.9606834e-01
   6.8000000e+02   8.9606809e-01
   6.8100000e+02   8.9606608e-01
   6.8200000e+02   8.9606730e-01
   6.8300000e+02   8.9606925e-01
   6.8400000e+02   8.9607076e-01
   6.8500000e+02   8.9607080e-01
   6.8600000e+02   8.9607128e-01
   6.8700000e+02   8.9607191e-01
   6.8800000e+02   8.9607253e-01
   6.8900000e+02   8.9607271e-01
   6.9000000e+02   8.9607391e-01
   6.9100000e+02   8.9607511e-01
   6.9200000e+02   8.9607514e-01
   6.9300000e+02   8.9607446e-01
   6.9400000e+02   8.9607305e-01
   6.9500000e+02   8.9607223e-01
   6.9600000e+02   8.9607270e-01
   6.9700000e+02   8.9607088e-01
   6.9800000e+02   8.9607077e-01
   6.9900000e+02   8.9606938e-01
   7.0000000e+02   8.9607086e-01
   7.0100000e+02   8.9607261e-01
   7.0200000e+02   8.9607279e-01
   7.0300000e+02   8.9607226e-01
   7.0400000e+02   8.9607315e-01
   7.0500000e+02   8.9607333e-01
   7.0600000e+02   8.9607295e-01
   7.0700000e+02   8.9607313e-01
   7.0800000e+02   8.9607542e-01
   7.0900000e+02   8.9607588e-01
   7.1000000e+02   8.9607690e-01
   7.1100000e+02   8.9607848e-01
   7.1200000e+02   8.9608034e-01
   7.1300000e+02   8.9608121e-01
   7.1400000e+02   8.9607983e-01
   7.1500000e+02   8.9607944e-01
   7.1600000e+02   8.9607919e-01
   7.1700000e+02   8.9607964e-01
   7.1800000e+02   8.9607925e-01
   7.1900000e+02   8.9608220e-01
   7.2000000e+02   8.9608264e-01
   7.2100000e+02   8.9608225e-01
   7.2200000e+02   8.9608366e-01
   7.2300000e+02   8.9608299e-01
   7.2400000e+02   8.9608398e-01
   7.2500000e+02   8.9608566e-01
   7.2600000e+02   8.9608719e-01
   7.2700000e+02   8.9608652e-01
   7.2800000e+02   8.9608901e-01
   7.2900000e+02   8.9608861e-01
   7.3000000e+02   8.9608740e-01
   7.3100000e+02   8.9608824e-01
   7.3200000e+02   8.9608620e-01
   7.3300000e+02   8.9608499e-01
   7.3400000e+02   8.9608488e-01
   7.3500000e+02   8.9608667e-01
   7.3600000e+02   8.9608777e-01
   7.3700000e+02   8.9608887e-01
   7.3800000e+02   8.9608997e-01
   7.3900000e+02   8.9609012e-01
   7.4000000e+02   8.9609027e-01
   7.4100000e+02   8.9609082e-01
   7.4200000e+02   8.9609030e-01
   7.4300000e+02   8.9608869e-01
   7.4400000e+02   8.9609099e-01
   7.4500000e+02   8.9609248e-01
   7.4600000e+02   8.9609316e-01
   7.4700000e+02   8.9609384e-01
   7.4800000e+02   8.9609452e-01
   7.4900000e+02   8.9609506e-01
   7.5000000e+02   8.9609720e-01
   7.5100000e+02   8.9609654e-01
   7.5200000e+02   8.9609574e-01
   7.5300000e+02   8.9609376e-01
   7.5400000e+02   8.9609271e-01
   7.5500000e+02   8.9609285e-01
   7.5600000e+02   8.9609418e-01
   7.5700000e+02   8.9609577e-01
   7.5800000e+02   8.9609485e-01
   7.5900000e+02   8.9609460e-01
   7.6000000e+02   8.9609329e-01
   7.6100000e+02   8.9609277e-01
   7.6200000e+02   8.9609147e-01
   7.6300000e+02   8.9609135e-01
   7.6400000e+02   8.9609175e-01
   7.6500000e+02   8.9609320e-01
   7.6600000e+02   8.9609230e-01
   7.6700000e+02   8.9609192e-01
   7.6800000e+02   8.9609310e-01
   7.6900000e+02   8.9609454e-01
   7.7000000e+02   8.9609429e-01
   7.7100000e+02   8.9609611e-01
   7.7200000e+02   8.9609741e-01
   7.7300000e+02   8.9609767e-01
   7.7400000e+02   8.9609974e-01
   7.7500000e+02   8.9610039e-01
   7.7600000e+02   8.9609910e-01
   7.7700000e+02   8.9610000e-01
   7.7800000e+02   8.9609833e-01
   7.7900000e+02   8.9609872e-01
   7.8000000e+02   8.9609859e-01
   7.8100000e+02   8.9610051e-01
   7.8200000e+02   8.9610000e-01
   7.8300000e+02   8.9610153e-01
   7.8400000e+02   8.9610140e-01
   7.8500000e+02   8.9610140e-01
   7.8600000e+02   8.9610204e-01
   7.8700000e+02   8.9610241e-01
   7.8800000e+02   8.9610241e-01
   7.8900000e+02   8.9610355e-01
   7.9000000e+02   8.9610316e-01
   7.9100000e+02   8.9610303e-01
   7.9200000e+02   8.9610391e-01
   7.9300000e+02   8.9610530e-01
   7.9400000e+02   8.9610453e-01
   7.9500000e+02   8.9610566e-01
   7.9600000e+02   8.9610704e-01
   7.9700000e+02   8.9610740e-01
   7.9800000e+02   8.9610777e-01
   7.9900000e+02   8.9610788e-01
   8.0000000e+02   8.9610762e-01
   8.0100000e+02   8.9610774e-01
   8.0200000e+02   8.9610686e-01
   8.0300000e+02   8.9610722e-01
   8.0400000e+02   8.9610821e-01
   8.0500000e+02   8.9610882e-01
   8.0600000e+02   8.9610794e-01
   8.0700000e+02   8.9610942e-01
   8.0800000e+02   8.9611126e-01
   8.0900000e+02   8.9611051e-01
   8.1000000e+02   8.9610975e-01
   8.1100000e+02   8.9611048e-01
   8.1200000e+02   8.9611121e-01
   8.1300000e+02   8.9611193e-01
   8.1400000e+02   8.9611216e-01
   8.1500000e+02   8.9611141e-01
   8.1600000e+02   8.9611275e-01
   8.1700000e+02   8.9611261e-01
   8.1800000e+02   8.9611308e-01
   8.1900000e+02   8.9611368e-01
   8.2000000e+02   8.9611500e-01
   8.2100000e+02   8.9611389e-01
   8.2200000e+02   8.9611521e-01
   8.2300000e+02   8.9611543e-01
   8.2400000e+02   8.9611566e-01
   8.2500000e+02   8.9611539e-01
   8.2600000e+02   8.9611586e-01
   8.2700000e+02   8.9611717e-01
   8.2800000e+02   8.9611727e-01
   8.2900000e+02   8.9611821e-01
   8.3000000e+02   8.9611880e-01
   8.3100000e+02   8.9611769e-01
   8.3200000e+02   8.9611791e-01
   8.3300000e+02   8.9612005e-01
   8.3400000e+02   8.9611930e-01
   8.3500000e+02   8.9611964e-01
   8.3600000e+02   8.9611878e-01
   8.3700000e+02   8.9611780e-01
   8.3800000e+02   8.9611862e-01
   8.3900000e+02   8.9611716e-01
   8.4000000e+02   8.9611738e-01
   8.4100000e+02   8.9611677e-01
   8.4200000e+02   8.9611675e-01
   8.4300000e+02   8.9611661e-01
   8.4400000e+02   8.9611754e-01
   8.4500000e+02   8.9611692e-01
   8.4600000e+02   8.9611856e-01
   8.4700000e+02   8.9611877e-01
   8.4800000e+02   8.9612087e-01
   8.4900000e+02   8.9612144e-01
   8.5000000e+02   8.9612153e-01
   8.5100000e+02   8.9612327e-01
   8.5200000e+02   8.9612383e-01
   8.5300000e+02   8.9612368e-01
   8.5400000e+02   8.9612447e-01
   8.5500000e+02   8.9612421e-01
   8.5600000e+02   8.9612523e-01
   8.5700000e+02   8.9612404e-01
   8.5800000e+02   8.9612331e-01
   8.5900000e+02   8.9612340e-01
   8.6000000e+02   8.9612453e-01
   8.6100000e+02   8.9612451e-01
   8.6200000e+02   8.9612483e-01
   8.6300000e+02   8.9612561e-01
   8.6400000e+02   8.9612708e-01
   8.6500000e+02   8.9612798e-01
   8.6600000e+02   8.9612783e-01
   8.6700000e+02   8.9612791e-01
   8.6800000e+02   8.9612800e-01
   8.6900000e+02   8.9612923e-01
   8.7000000e+02   8.9612874e-01
   8.7100000e+02   8.9612859e-01
   8.7200000e+02   8.9612798e-01
   8.7300000e+02   8.9612932e-01
   8.7400000e+02   8.9612895e-01
   8.7500000e+02   8.9612857e-01
   8.7600000e+02   8.9612968e-01
   8.7700000e+02   8.9613124e-01
   8.7800000e+02   8.9613269e-01
   8.7900000e+02   8.9613208e-01
   8.8000000e+02   8.9613148e-01
   8.8100000e+02   8.9613121e-01
   8.8200000e+02   8.9613005e-01
   8.8300000e+02   8.9612990e-01
   8.8400000e+02   8.9613100e-01
   8.8500000e+02   8.9613130e-01
   8.8600000e+02   8.9613093e-01
   8.8700000e+02   8.9613100e-01
   8.8800000e+02   8.9613209e-01
   8.8900000e+02   8.9613172e-01
   8.9000000e+02   8.9613169e-01
   8.9100000e+02   8.9613131e-01
   8.9200000e+02   8.9613117e-01
   8.9300000e+02   8.9613158e-01
   8.9400000e+02   8.9613177e-01
   8.9500000e+02   8.9613296e-01
   8.9600000e+02   8.9613270e-01
   8.9700000e+02   8.9613166e-01
   8.9800000e+02   8.9613163e-01
   8.9900000e+02   8.9613092e-01
   9.0000000e+02   8.9613211e-01
   9.0100000e+02   8.9613352e-01
   9.0200000e+02   8.9613426e-01
   9.0300000e+02   8.9613522e-01
   9.0400000e+02   8.9613529e-01
   9.0500000e+02   8.9613503e-01
   9.0600000e+02   8.9613664e-01
   9.0700000e+02   8.9613682e-01
   9.0800000e+02   8.9613789e-01
   9.0900000e+02   8.9613740e-01
   9.1000000e+02   8.9613780e-01
   9.1100000e+02   8.9613820e-01
   9.1200000e+02   8.9613827e-01
   9.1300000e+02   8.9613899e-01
   9.1400000e+02   8.9613862e-01
   9.1500000e+02   8.9614033e-01
   9.1600000e+02   8.9614039e-01
   9.1700000e+02   8.9614122e-01
   9.1800000e+02   8.9614063e-01
   9.1900000e+02   8.9614124e-01
   9.2000000e+02   8.9614337e-01
   9.2100000e+02   8.9614397e-01
   9.2200000e+02   8.9614425e-01
   9.2300000e+02   8.9614410e-01
   9.2400000e+02   8.9614621e-01
   9.2500000e+02   8.9614584e-01
   9.2600000e+02   8.9614492e-01
   9.2700000e+02   8.9614585e-01
   9.2800000e+02   8.9614472e-01
   9.2900000e+02   8.9614446e-01
   9.3000000e+02   8.9614430e-01
   9.3100000e+02   8.9614458e-01
   9.3200000e+02   8.9614442e-01
   9.3300000e+02   8.9614469e-01
   9.3400000e+02   8.9614486e-01
   9.3500000e+02   8.9614610e-01
   9.3600000e+02   8.9614797e-01
   9.3700000e+02   8.9614781e-01
   9.3800000e+02   8.9614893e-01
   9.3900000e+02   8.9614878e-01
   9.4000000e+02   8.9614862e-01
   9.4100000e+02   8.9614750e-01
   9.4200000e+02   8.9614703e-01
   9.4300000e+02   8.9614719e-01
   9.4400000e+02   8.9614788e-01
   9.4500000e+02   8.9614751e-01
   9.4600000e+02   8.9614736e-01
   9.4700000e+02   8.9614794e-01
   9.4800000e+02   8.9614968e-01
   9.4900000e+02   8.9614953e-01
   9.5000000e+02   8.9615011e-01
   9.5100000e+02   8.9614953e-01
   9.5200000e+02   8.9614863e-01
   9.5300000e+02   8.9614837e-01
   9.5400000e+02   8.9614811e-01
   9.5500000e+02   8.9614880e-01
   9.5600000e+02   8.9614874e-01
   9.5700000e+02   8.9614922e-01
   9.5800000e+02   8.9614916e-01
   9.5900000e+02   8.9614995e-01
   9.6000000e+02   8.9615000e-01
   9.6100000e+02   8.9615047e-01
   9.6200000e+02   8.9615083e-01
   9.6300000e+02   8.9615026e-01
   9.6400000e+02   8.9615104e-01
   9.6500000e+02   8.9615119e-01
   9.6600000e+02   8.9615248e-01
   9.6700000e+02   8.9615357e-01
   9.6800000e+02   8.9615465e-01
   9.6900000e+02   8.9615459e-01
   9.7000000e+02   8.9615371e-01
   9.7100000e+02   8.9615345e-01
   9.7200000e+02   8.9615288e-01
   9.7300000e+02   8.9615242e-01
   9.7400000e+02   8.9615339e-01
   9.7500000e+02   8.9615333e-01
   9.7600000e+02   8.9615266e-01
   9.7700000e+02   8.9615292e-01
   9.7800000e+02   8.9615112e-01
   9.7900000e+02   8.9615087e-01
   9.8000000e+02   8.9615122e-01
   9.8100000e+02   8.9615168e-01
   9.8200000e+02   8.9615204e-01
   9.8300000e+02   8.9615290e-01
   9.8400000e+02   8.9615407e-01
   9.8500000e+02   8.9615563e-01
   9.8600000e+02   8.9615487e-01
   9.8700000e+02   8.9615420e-01
   9.8800000e+02   8.9615526e-01
   9.8900000e+02   8.9615662e-01
   9.9000000e+02   8.9615566e-01
   9.9100000e+02   8.9615540e-01
   9.9200000e+02   8.9615625e-01
   9.9300000e+02   8.9615559e-01
   9.9400000e+02   8.9615563e-01
   9.9500000e+02   8.9615497e-01
   9.9600000e+02   8.9615462e-01
   9.9700000e+02   8.9615466e-01
   9.9800000e+02   8.9615591e-01
   9.9900000e+02   8.9615546e-01
   1.0000000e+03   8.9615530e-01
